daycount	shift	partnum	y100	y200	y300
7	1	8674	4	1.5	-13.1
7	1	8782	5.6	4.9	-4.5
7	1	8879	1.5	4.4	-5.5
7	1	8909	3.7	6.8	-6.5
7	1	9047	2	1.2	-10.9
7	2	9163	-0	1.7	-6.3
7	2	9293	1.1	4.3	-0.5
7	2	9329	3.5	2.2	-7.9
7	2	9394	1.5	4.2	-10.5
7	2	9528	3.9	3.4	-7.6
7	3	9603	5.5	7.4	11.3
7	3	9619	3.6	5.6	-0
7	3	9826	4.1	2.8	0.7
7	3	9950	2.7	5.6	2.4
7	3	9968	3.6	6.6	3.6
8	1	10209	1.8	2.2	5.9
8	1	10254	2.4	3.4	1
8	1	10286	2.6	4.9	4
8	1	10311	3.5	4.9	3
8	1	10328	1.3	-1.1	4.2
8	2	10573	5.6	4.8	-7.3
8	2	10622	8.7	3.3	-7
8	2	10836	10.3	6.3	-1.7
8	2	10918	6.5	6.4	-1.1
8	2	10928	8.9	6.1	-3.1
8	3	11229	6.4	6.4	4
8	3	11290	7.3	8.4	6.1
8	3	11339	6.6	9	5.8
8	3	11349	7.7	4.5	7
8	3	11437	5.4	2.8	1.1
9	1	11538	4.4	8.4	3.5
9	1	11579	2.6	3.1	2.1
9	1	11640	6.5	6	2.6
9	1	11830	4.3	2.2	2.6
9	1	12000	3.5	4	4.8
9	2	12056	5.6	2.7	-0.7
9	2	12114	3.7	3	-9.1
9	2	12209	-0.3	0.9	-4.5
9	2	12236	0.3	3.9	-5.1
9	2	12284	6.2	5.3	-1.3
